0.001111111 5440.063
0.001666667 5441.357
0.0025  5442.453
0.003333333 5443.456
0.004166667 5444.929
0.005277778 5446.346
0.006388889 5448.18
0.007777778 5453.445
0.009166667 5457.183
0.010833333 5460.495
0.012777778 5463.49
0.015   5467.001
0.0175  5472.599
0.020277778 5477.549
0.023611111 5484.376
0.027222222 5491.834
0.031388889 5499.196
0.036111111 5507.812
0.041388889 5516.581
0.0475  5525.895
0.054444444 5535.665
0.062222222 5545.999
0.071111111 5556.707
0.081388889 5567.498
0.093055556 5578.452
0.106388889 5589.545
0.121388889 5600.359
0.138611111 5610.825
0.158055556 5620.596
0.180277778 5629.758
0.205833333 5638.109
0.234722222 5645.692
0.267777778 5652.573
0.305555556 5658.576
0.348611111 5663.805
0.397777778 5668.316
0.453611111 5672.273
0.5175  5675.707
0.590277778 5678.764
0.673333333 5681.538
0.768055556 5684.045
0.876111111 5686.446
0.999444444 5688.424
1.140277778 5689.368
1.300833333 5690.025
1.484166667 5690.308
1.693333333 5690.677
1.931944444 5691.199
2.204166667 5691.797
2.514722222 5692.481
2.868888889 5693.071
3.273055556 5693.639
3.734166667 5694.156
4.260555556 5694.711
4.861111111 5694.955
5.546388889 5695.277
6.328055556 5695.691
7.22    5696.061
8.237777778 5696.474
9.399166667 5696.859
10.72444444 5697.206
12.23638889 5697.595
13.96166667 5698.019
15.93027778 5698.473
18.17666667 5698.875
20.74   5699.346
23.65527778 5699.858